4294967278,127
4294967278,124
4294967278,113
4294967278,104
4294967278,102
4294967278,101
4294967278,87
4294967278,86
4294967278,0
4294967278,399
4294967278,74
4294967278,71
4294967278,70
4294967279,298
4294967279,23
4294967279,20
4294967279,9
4294967279,313
4294967279,12
4294967279,219
4294967279,203
4294967279,202
4294967279,170
4294967278,155
4294967278,154
4294967279,150
4294967279,281
4294967294,1015
4294967294,186
4294967279,136
2534,5
2534,4
2534,3
2534,2
2534,1
4294967279,320
4294967279,575
4294967278,269
4294967279,14
4294967278,447
4294967279,11
4294967279,380
2532,6
2532,5
2532,4
2532,3
2532,2
2532,1
4294967279,330
4294967294,388
4294967279,310
4294967278,403
4294967279,546
4294967278,402
4294967279,312
4294967279,538
4294967279,0
4294967279,309
4294967278,326
4294967279,245
2529,5
2529,4
2529,3
2529,2
2529,1
2527,6
4294967294,120
2527,5
2527,4
4294967278,213
2527,3
2527,2
2527,1
4294967294,387
4294967278,404
2526,5
2526,4
2526,3
2526,2
2526,1
4294967278,200
2525,5
2525,4
2525,3
2525,2
2525,1
4294967279,194
2524,5
2524,4
2524,3
2524,2
2524,1
4294967279,307
4294967278,388
2522,5
2522,4
2522,3
2522,2
2522,1
4294967294,17
4294967294,99
4294967294,76
2521,4
2521,3
2521,2
2521,1
4294967294,435
4294967294,128
4294967294,185
0,5
0,7
4294967278,446
4294967294,0
4294967294,5
4294967294,89
4294967294,29
4294967294,28
4294967294,168
4294967294,1
4294967294,466
4294967294,462
4294967278,330
4294967294,477
4294967294,423
4294967294,2
4294967279,306
4294967279,352
4294967278,445
4294967294,475
4294967279,283
4294967294,474
4294967278,443
4294967278,371
4294967294,46
4294967294,40
4294967294,41
4294967294,38
4294967294,37
4294967294,36
4294967294,39
4294967294,42
4294967294,107
4294967294,91
4294967294,90
4294967294,87
4294967294,86
4294967294,85
4294967294,84
4294967294,149
4294967294,26
4294967294,53
4294967294,1419
4294967294,45
4294967294,426
4294967294,44
4294967294,96
4294967294,94
4294967294,8
4294967294,7
4294967294,6
4294967294,22
4294967294,67
4294967294,25
4294967294,93
4294967294,95
4294967294,50
4294967294,436
4294967294,43
4294967294,416
4294967294,51
4294967294,52
4294967294,476
4294967294,27
4294967294,92
4294967294,88
4294967294,204
4294967294,201
4294967294,82
4294967294,1414
4294967294,83
4294967294,81
4294967293,131
4294967293,130
4294967293,129
4294967293,128
4294967293,127
4294967293,126
4294967293,125
4294967293,124
4294967293,123
4294967293,122
4294967293,121
4294967293,120
4294967293,119
4294967293,118
4294967293,117
4294967293,116
4294967293,115
4294967293,114
4294967293,113
4294967293,112
4294967293,111
4294967293,110
4294967293,109
4294967293,108
4294967293,107
4294967293,106
4294967293,105
4294967293,104
4294967293,103
4294967293,102
4294967293,101
4294967293,100
4294967293,99
4294967293,98
4294967293,97
4294967293,96
4294967293,95
4294967293,94
4294967293,93
4294967293,92
4294967293,91
4294967293,90
4294967293,89
4294967293,87
4294967293,86
4294967293,85
4294967293,84
4294967293,83
4294967293,82
4294967293,81
4294967293,80
4294967293,79
4294967293,78
4294967293,77
4294967293,76
4294967293,75
4294967293,74
4294967293,73
4294967293,72
4294967293,71
4294967293,70
4294967293,69
4294967293,68
4294967293,67
4294967293,66
4294967293,65
4294967293,64
4294967293,63
4294967293,62
4294967293,61
4294967293,60
4294967293,59
4294967293,58
4294967293,57
4294967293,56
4294967293,55
4294967293,54
4294967293,53
4294967293,52
4294967293,51
4294967293,50
4294967293,49
4294967293,48
4294967293,47
4294967293,46
4294967293,45
4294967293,44
4294967293,43
4294967293,42
4294967293,41
4294967293,40
4294967293,39
4294967293,38
4294967293,37
4294967293,36
4294967293,35
4294967293,34
4294967293,33
4294967293,32
4294967293,31
4294967293,30
4294967293,29
4294967293,28
4294967293,27
4294967293,26
4294967293,25
4294967293,24
4294967293,23
4294967293,22
4294967293,21
4294967293,20
4294967293,19
4294967293,18
4294967293,17
4294967293,16
4294967293,15
4294967293,14
4294967293,13
4294967293,12
4294967293,11
4294967293,10
4294967293,9
4294967293,8
4294967293,7
4294967293,6
4294967293,5
4294967293,4
4294967293,3
4294967279,129
4294967279,128
4294967279,127
4294967279,126
4294967279,125
4294967279,124
4294967279,123
4294967279,122
4294967279,121
4294967279,120
4294967279,118
4294967279,117
4294967279,116
4294967279,115
4294967279,114
4294967279,113
4294967279,109
4294967279,107
4294967279,106
4294967279,105
4294967279,104
4294967279,102
4294967279,101
4294967279,100
4294967279,99
4294967279,95
4294967279,93
4294967279,92
4294967279,91
4294967279,90
4294967279,89
4294967279,87
4294967278,365
4294967278,153
4294967278,152
4294967278,150
4294967278,149
4294967278,148
4294967278,146
4294967278,145
4294967279,144
4294967278,442
4294967279,553
2520,5
2520,4
2520,3
2520,2
2520,1
4294967278,318
4294967279,552
4294967278,440
4294967279,534
4294967279,305
4294967279,531
4294967278,349
4294967279,530
4294967278,347
4294967279,529
2518,6
2518,5
2518,4
2518,3
2518,2
2518,1
4294967279,242
4294967278,394
4294967279,241
4294967279,237
4294967279,233
4294967279,236
4294967279,235
4294967279,231
4294967279,229
4294967279,555
4294967278,266
4294967279,335
4294967279,210
2515,5
2515,4
2515,2
2515,1
4294967279,209
4294967279,208
4294967279,207
4294967279,206
4294967279,205
4294967279,204
2513,6
4294967279,201
4294967278,201
2513,5
4294967279,200
4294967279,199
2513,4
2513,3
2513,2
2513,1
4294967279,197
4294967279,196
2512,5
2512,4
2512,3
2512,2
2512,1
4294967279,304
2511,5
2511,4
2511,3
2511,2
2511,1
4294967279,338
4294967279,522
4294967279,303
2510,5
2510,4
2510,3
2510,2
2510,1
4294967278,437
4294967279,268
4294967278,369
4294967278,169
4294967278,165
2508,5
2508,4
2508,3
2508,2
2508,1
4294967278,159
2507,4
2507,3
2507,2
2507,1
4294967279,341
4294967279,367
4294967278,223
4294967278,433
4294967279,351
4294967279,550
4294967279,321
4294967279,343
4294967278,432
4294967278,2
4294967294,1012
4294967294,1001
4294967294,998
4294967294,391
4294967278,276
4294967278,288
4294967279,282
4294967278,262
4294967278,278
4294967279,325
4294967279,249
4294967279,248
4294967279,239
4294967278,237
4294967278,228
4294967279,227
4294967278,226
4294967279,223
4294967279,217
4294967278,372
2506,5
2506,4
2506,3
2506,2
2506,1
4294967279,191
4294967279,252
2504,6
2504,5
2504,4
2504,3
2504,2
2504,1
4294967294,408
4294967294,167
4294967294,183
4294967294,463
4294967278,430
4294967279,302
4294967279,565
4294967279,356
4294967278,233
4294967279,561
4294967278,271
4294967279,360
4294967278,431
4294967279,153
2501,5
2501,4
4294967279,154
2501,2
2501,1
2499,6
2499,5
2499,4
2499,3
2499,2
2499,1
4294967278,342
2498,5
4294967278,136
2498,4
4294967279,135
2498,3
2498,2
2498,1
4294967279,346
4294967278,135
4294967278,134
4294967279,322
4294967279,279
2497,5
2497,4
4294967279,265
2497,3
2497,2
2497,1
4294967278,329
2496,5
4294967278,327
2496,4
4294967278,264
2496,3
2496,2
2496,1
4294967278,429
4294967278,285
4294967279,342
4294967279,255
4294967279,254
4294967279,253
4294967279,324
4294967279,379
4294967279,528
4294967294,413
4294967294,110
4294967294,112
4294967294,108
4294967279,365
